Git Version: 48b21d26-dirty
    N,N,0,24,24000,256,64,1,24000,1536000,0,64,16384,24000,6144000,24000,6144000,f16_r,f16_r,f16_r,f16_r,f32_r,0,0,0,0,0,none,0,f32_r,512,70824.5,1291.04,266.495,1996,gfx942:sramecc+:xnack-,80
    N,N,0,24,24000,64,256,1,24000,6144000,0,256,16384,24000,1536000,24000,1536000,f16_r,f16_r,f16_r,f16_r,f32_r,0,0,0,0,0,none,0,f32_r,512,96140,1752.51,196.322,112416,gfx942:sramecc+:xnack-,80
    N,N,0,24,24000,128,256,1,24000,6144000,0,256,32768,24000,3072000,24000,3072000,f16_r,f16_r,f16_r,f16_r,f32_r,0,0,0,0,0,none,0,f32_r,512,118868,1301.93,317.568,1996,gfx942:sramecc+:xnack-,80
    N,N,0,24,6000,512,128,1,6000,768000,0,128,65536,6000,3072000,6000,3072000,f16_r,f16_r,f16_r,f16_r,f32_r,0,0,0,0,0,none,0,f32_r,512,85250.9,788.585,221.398,2039,gfx942:sramecc+:xnack-,80
    N,N,0,1,144000,512,256,1,144000,36864000,0,256,131072,144000,73728000,144000,73728000,f16_r,f16_r,f16_r,f16_r,f32_r,0,0,0,0,0,none,0,f32_r,512,128262,700.753,294.309,1996,gfx942:sramecc+:xnack-,80
    N,N,0,24,6000,128,512,1,6000,3072000,0,512,65536,6000,768000,6000,768000,f16_r,f16_r,f16_r,f16_r,f32_r,0,0,0,0,0,none,0,f32_r,512,127574,1180.08,147.949,1996,gfx942:sramecc+:xnack-,80
    N,N,0,24,6000,256,512,1,6000,3072000,0,512,131072,6000,1536000,6000,1536000,f16_r,f16_r,f16_r,f16_r,f32_r,0,0,0,0,0,none,0,f32_r,512,140538,788.727,268.601,1996,gfx942:sramecc+:xnack-,80
    N,N,0,24,1500,1024,256,1,1500,384000,0,256,262144,1500,1536000,1500,1536000,f16_r,f16_r,f16_r,f16_r,f32_r,0,0,0,0,0,none,0,f32_r,512,103664,535.77,182.073,1996,gfx942:sramecc+:xnack-,80
    N,N,0,1,36000,1024,512,1,36000,18432000,0,512,524288,36000,36864000,36000,36864000,f16_r,f16_r,f16_r,f16_r,f32_r,0,0,0,0,0,none,0,f32_r,512,152420,419.82,247.662,1996,gfx942:sramecc+:xnack-,80
    N,N,0,24,1500,256,1024,1,1500,1536000,0,1024,262144,1500,384000,1500,384000,f16_r,f16_r,f16_r,f16_r,f32_r,0,0,0,0,0,none,0,f32_r,512,134764,696.507,140.055,1997,gfx942:sramecc+:xnack-,80
    N,N,0,24,1500,512,1024,1,1500,1536000,0,1024,524288,1500,768000,1500,768000,f16_r,f16_r,f16_r,f16_r,f32_r,0,0,0,0,0,none,0,f32_r,512,146176,489.595,258.243,1992,gfx942:sramecc+:xnack-,80
    N,N,0,24,375,2048,512,1,375,192000,0,512,1048576,375,768000,375,768000,f16_r,f16_r,f16_r,f16_r,f32_r,0,0,0,0,0,none,0,f32_r,512,90568.7,430.859,208.398,114667,gfx942:sramecc+:xnack-,80
    N,N,0,1,9000,2048,1024,1,9000,9216000,0,1024,2097152,9000,18432000,9000,18432000,f16_r,f16_r,f16_r,f16_r,f32_r,0,0,0,0,0,none,0,f32_r,512,160122,235.015,235.749,1996,gfx942:sramecc+:xnack-,80
    N,N,0,24,375,512,2048,1,375,768000,0,2048,1048576,375,192000,375,192000,f16_r,f16_r,f16_r,f16_r,f32_r,0,0,0,0,0,none,0,f32_r,512,114574,545.058,164.735,1990,gfx942:sramecc+:xnack-,80
    N,N,0,24,375,256,2048,1,375,768000,0,2048,524288,375,96000,375,96000,f16_r,f16_r,f16_r,f16_r,f32_r,0,0,0,0,0,none,0,f32_r,512,108800,715.496,86.7388,1990,gfx942:sramecc+:xnack-,80
    T,N,0,24,3,3,3,1,3,9,0,4,16,3,9,3,9,f32_r,f32_r,f32_r,f32_r,f32_r,0,0,0,0,0,none,0,f32_r,512,0.240157,0.563301,5.39647,197,gfx942:sramecc+:xnack-,80
    T,N,0,24,25500,3,3,1,3,76500,0,3,9,25500,76500,25500,76500,f32_r,f32_r,f32_r,f32_r,f32_r,0,0,0,0,0,none,0,f32_r,512,181.067,224.856,60.8392,248,gfx942:sramecc+:xnack-,80
    N,N,0,24,25500,3,3,1,25500,76500,0,3,9,25500,76500,25500,76500,f32_r,f32_r,f32_r,f32_r,f32_r,0,0,0,0,0,none,0,f32_r,512,106.514,132.273,103.423,1082,gfx942:sramecc+:xnack-,80
    N,N,0,24,1,256,256,1,1,256,0,256,65536,1,256,1,256,f32_r,f32_r,f32_r,f32_r,f32_r,0,0,0,0,0,none,0,f32_r,512,221.487,415.775,14.2028,1076,gfx942:sramecc+:xnack-,80
    N,N,0,24,375,256,256,1,375,96000,0,256,65536,375,96000,375,96000,f32_r,f32_r,f32_r,f32_r,f32_r,0,0,0,0,0,none,0,f32_r,512,19256.9,375.875,61.2584,1072,gfx942:sramecc+:xnack-,80
    N,N,0,24,375,96,256,1,375,96000,0,256,24576,375,36000,375,36000,f32_r,f32_r,f32_r,f32_r,f32_r,0,0,0,0,0,none,0,f32_r,512,15730.7,497.808,28.1212,1040,gfx942:sramecc+:xnack-,80
    N,N,0,1,375,96,2304,1,375,864000,0,2304,221184,375,36000,375,36000,f32_r,f32_r,f32_r,f32_r,f32_r,0,0,0,0,0,none,0,f32_r,512,9043.24,227.691,18.3439,1057,gfx942:sramecc+:xnack-,80
    N,N,0,24,1,96,256,1,1,256,0,256,24576,1,96,1,96,f32_r,f32_r,f32_r,f32_r,f32_r,0,0,0,0,0,none,0,f32_r,512,112.727,212.977,10.4647,1076,gfx942:sramecc+:xnack-,80
    N,N,0,24,375,256,480,1,375,180000,0,480,122880,375,96000,375,96000,f32_r,f32_r,f32_r,f32_r,f32_r,0,0,0,0,0,none,0,f32_r,512,22049.4,355.514,100.313,1072,gfx942:sramecc+:xnack-,80
    N,N,0,24,375,68,256,1,375,96000,0,256,17408,375,25500,375,25500,f32_r,f32_r,f32_r,f32_r,f32_r,0,0,0,0,0,none,0,f32_r,512,11576.9,458.849,27.0663,1040,gfx942:sramecc+:xnack-,80
    N,N,0,1,20000,256,2304,1,20000,46080000,0,2304,589824,20000,5120000,20000,5120000,f32_r,f32_r,f32_r,f32_r,f32_r,0,0,0,0,0,none,0,f32_r,512,27213.7,222.541,866.953,1026,gfx942:sramecc+:xnack-,80
    T,N,0,1,2,28000,256,1,256,512,0,256,7168000,2,56000,2,56000,f32_r,f32_r,f32_r,f32_r,f32_r,0,0,0,0,0,none,0,f32_r,512,1146.91,1076.57,24.9993,207,gfx942:sramecc+:xnack-,80
    T,N,0,640,350,350,32,1,20480,7168000,1,20480,7168000,350,122500,350,122500,f32_r,f32_r,f32_r,f32_r,f32_r,0,0,0,0,0,none,0,f32_r,512,7015.79,48608,715.186,233,gfx942:sramecc+:xnack-,80
    N,N,0,640,32,350,350,1,20480,7168000,0,350,122500,32,11200,32,11200,f32_r,f32_r,f32_r,f32_r,f32_r,0,0,0,0,0,none,0,f32_r,512,17815.3,61810.4,281.645,1052,gfx942:sramecc+:xnack-,80
    T,N,0,1,64,28000,256,1,256,16384,0,256,7168000,64,1792000,64,1792000,f32_r,f32_r,f32_r,f32_r,f32_r,0,0,0,0,0,none,0,f32_r,512,19129.4,697.194,47.9631,217,gfx942:sramecc+:xnack-,80
    T,N,0,1,32,28000,256,1,256,8192,0,256,7168000,32,896000,32,896000,f32_r,f32_r,f32_r,f32_r,f32_r,0,0,0,0,0,none,0,f32_r,512,14755.2,967.207,31.0908,213,gfx942:sramecc+:xnack-,80
    T,N,0,1,256,28000,256,1,256,65536,0,256,7168000,256,7168000,256,7168000,f32_r,f32_r,f32_r,f32_r,f32_r,0,0,0,0,0,none,0,f32_r,512,23945.4,350.045,153.266,249,gfx942:sramecc+:xnack-,80
    N,N,0,4,20000,1,256,1,20000,5120000,0,256,256,20000,20000,20000,20000,f32_r,f32_r,f32_r,f32_r,f32_r,0,0,0,0,0,none,0,f32_r,512,758.253,1417.94,54.0189,1069,gfx942:sramecc+:xnack-,80
    N,N,0,24,375,1,256,1,375,96000,0,256,256,375,375,375,375,f32_r,f32_r,f32_r,f32_r,f32_r,0,0,0,0,0,none,0,f32_r,512,440.464,825.821,10.4617,1069,gfx942:sramecc+:xnack-,80
    N,T,0,24,375,256,1,1,375,375,0,256,256,375,96000,375,96000,f32_r,f32_r,f32_r,f32_r,f32_r,0,0,0,0,0,none,0,f32_r,512,272.176,510.3,16.9302,379,gfx942:sramecc+:xnack-,80
    T,N,0,1,256,1,375,1,375,96000,1,375,375,256,256,256,256,f32_r,f32_r,f32_r,f32_r,f32_r,0,0,0,0,0,none,0,f32_r,512,19.4588,36.5797,9.867,226,gfx942:sramecc+:xnack-,80
    N,T,0,4,20000,256,1,1,20000,20000,0,256,256,20000,5120000,20000,5120000,f32_r,f32_r,f32_r,f32_r,f32_r,0,0,0,0,0,none,0,f32_r,512,581.068,1086.6,70.4909,385,gfx942:sramecc+:xnack-,80
    N,N,0,1,256,28000,2,1,256,512,0,2,56000,256,7168000,256,7168000,f32_r,f32_r,f32_r,f32_r,f32_r,0,0,0,0,0,none,0,f32_r,512,1156.32,1085.4,24.7958,1085,gfx942:sramecc+:xnack-,80
    N,T,0,1,256,2,28000,1,256,7168000,0,2,56000,256,512,256,512,f32_r,f32_r,f32_r,f32_r,f32_r,0,0,0,0,0,none,0,f32_r,512,238.905,224.252,120.014,378,gfx942:sramecc+:xnack-,80
    N,N,0,1,256,28000,256,1,256,65536,0,256,7168000,256,7168000,256,7168000,f32_r,f32_r,f32_r,f32_r,f32_r,0,0,0,0,0,none,0,f32_r,512,24296.3,355.174,151.053,1085,gfx942:sramecc+:xnack-,80
    N,T,0,1,256,256,28000,1,256,7168000,0,256,7168000,256,65536,256,65536,f32_r,f32_r,f32_r,f32_r,f32_r,0,0,0,0,0,none,0,f32_r,512,25222.7,368.716,145.505,357,gfx942:sramecc+:xnack-,80
    N,N,0,1,256,1400,3,1,256,768,0,3,4200,256,358400,256,358400,f32_r,f32_r,f32_r,f32_r,f32_r,0,0,0,0,0,none,0,f32_r,512,297.564,187.313,7.22667,1044,gfx942:sramecc+:xnack-,80
    N,T,0,1,256,3,1400,1,256,358400,0,3,4200,256,768,256,768,f32_r,f32_r,f32_r,f32_r,f32_r,0,0,0,0,0,none,0,f32_r,512,150.025,94.4388,14.3336,378,gfx942:sramecc+:xnack-,80
    N,N,0,1,256,1400,256,1,256,65536,0,256,358400,256,358400,256,358400,f32_r,f32_r,f32_r,f32_r,f32_r,0,0,0,0,0,none,0,f32_r,512,12348.4,196.121,14.8603,1068,gfx942:sramecc+:xnack-,80
    N,T,0,1,256,256,1400,1,256,358400,0,256,358400,256,65536,256,65536,f32_r,f32_r,f32_r,f32_r,f32_r,0,0,0,0,0,none,0,f32_r,512,8739.27,138.8,20.9973,380,gfx942:sramecc+:xnack-,80
    N,N,0,1,512,28000,256,1,512,131072,0,256,7168000,512,14336000,512,14336000,f32_r,f32_r,f32_r,f32_r,f32_r,0,0,0,0,0,none,0,f32_r,512,25667.3,281.838,285.969,1082,gfx942:sramecc+:xnack-,80
    N,T,0,1,512,256,28000,1,512,14336000,0,256,7168000,512,131072,512,131072,f32_r,f32_r,f32_r,f32_r,f32_r,0,0,0,0,0,none,0,f32_r,512,26156.7,287.212,280.618,357,gfx942:sramecc+:xnack-,80
    N,N,0,1,256,28000,512,1,256,131072,0,512,14336000,256,7168000,256,7168000,f32_r,f32_r,f32_r,f32_r,f32_r,0,0,0,0,0,none,0,f32_r,512,26034.6,285.871,281.934,1085,gfx942:sramecc+:xnack-,80
    N,T,0,1,256,512,28000,1,256,7168000,0,512,14336000,256,131072,256,131072,f32_r,f32_r,f32_r,f32_r,f32_r,0,0,0,0,0,none,0,f32_r,512,26053.9,286.084,281.725,357,gfx942:sramecc+:xnack-,80
    N,T,0,1,256,32,28000,1,256,7168000,0,32,896000,256,8192,256,8192,f32_r,f32_r,f32_r,f32_r,f32_r,0,0,0,0,0,none,0,f32_r,512,8232.69,539.654,55.7232,362,gfx942:sramecc+:xnack-,80
    N,N,0,1,256,28000,32,1,256,8192,0,32,896000,256,7168000,256,7168000,f32_r,f32_r,f32_r,f32_r,f32_r,0,0,0,0,0,none,0,f32_r,512,12046.1,789.626,38.0829,1082,gfx942:sramecc+:xnack-,80
    N,T,0,1,256,64,28000,1,256,7168000,0,64,1792000,256,16384,256,16384,f32_r,f32_r,f32_r,f32_r,f32_r,0,0,0,0,0,none,0,f32_r,512,16199.8,590.424,56.6367,362,gfx942:sramecc+:xnack-,80
    N,N,0,1,256,28000,64,1,256,16384,0,64,1792000,256,7168000,256,7168000,f32_r,f32_r,f32_r,f32_r,f32_r,0,0,0,0,0,none,0,f32_r,512,16458.1,599.836,55.748,1082,gfx942:sramecc+:xnack-,80
    N,N,0,1,256,80000,256,1,256,65536,0,256,20480000,256,20480000,256,20480000,f32_r,f32_r,f32_r,f32_r,f32_r,0,0,0,0,0,none,0,f32_r,512,25622.8,373.457,409.235,1082,gfx942:sramecc+:xnack-,80
    N,T,0,1,256,256,80000,1,256,20480000,0,256,20480000,256,65536,256,65536,f32_r,f32_r,f32_r,f32_r,f32_r,0,0,0,0,0,none,0,f32_r,512,27107.5,395.097,386.821,351,gfx942:sramecc+:xnack-,80
    N,T,0,640,32,350,350,1,20480,7168000,0,350,122500,32,11200,32,11200,f32_r,f32_r,f32_r,f32_r,f32_r,0,0,0,0,0,none,0,f32_r,512,16824.3,58371.9,298.236,389,gfx942:sramecc+:xnack-,80
    T,N,0,640,350,350,32,1,20480,7168000,0,20480,7168000,350,122500,350,122500,f32_r,f32_r,f32_r,f32_r,f32_r,0,0,0,0,0,none,0,f32_r,512,9740.25,66917.1,515.141,249,gfx942:sramecc+:xnack-,80
    N,T,0,640,350,32,350,1,350,122500,0,20480,7168000,350,11200,350,11200,f32_r,f32_r,f32_r,f32_r,f32_r,0,0,0,0,0,none,0,f32_r,512,18187.8,63102.6,275.878,361,gfx942:sramecc+:xnack-,80
    T,N,0,1,2304,256,20000,1,20000,46080000,1,20000,5120000,2304,589824,2304,589824,f32_r,f32_r,f32_r,f32_r,f32_r,0,0,0,0,0,none,0,f32_r,512,25267.1,208.976,933.741,206,gfx942:sramecc+:xnack-,80
    N,T,0,24,375,256,68,1,375,25500,0,256,17408,375,96000,375,96000,f32_r,f32_r,f32_r,f32_r,f32_r,0,0,0,0,0,none,0,f32_r,512,10769.5,426.846,29.0956,379,gfx942:sramecc+:xnack-,80
    T,N,0,1,256,68,375,1,375,96000,1,375,25500,256,17408,256,17408,f32_r,f32_r,f32_r,f32_r,f32_r,0,0,0,0,0,none,0,f32_r,512,1307.85,58.3327,9.98278,226,gfx942:sramecc+:xnack-,80
    N,T,0,24,375,480,256,1,375,96000,0,480,122880,375,180000,375,180000,f32_r,f32_r,f32_r,f32_r,f32_r,0,0,0,0,0,none,0,f32_r,512,20131.2,324.585,109.871,348,gfx942:sramecc+:xnack-,80
    N,T,0,24,1,256,96,1,1,96,0,256,24576,1,256,1,256,f32_r,f32_r,f32_r,f32_r,f32_r,0,0,0,0,0,none,0,f32_r,512,149.764,282.953,7.87669,381,gfx942:sramecc+:xnack-,80
    T,N,0,1,2304,96,375,1,375,864000,1,375,36000,2304,221184,2304,221184,f32_r,f32_r,f32_r,f32_r,f32_r,0,0,0,0,0,none,0,f32_r,512,11551.8,348.231,14.3603,198,gfx942:sramecc+:xnack-,80
    N,T,0,24,375,256,96,1,375,36000,0,256,24576,375,96000,375,96000,f32_r,f32_r,f32_r,f32_r,f32_r,0,0,0,0,0,none,0,f32_r,512,13573.5,429.542,32.5905,366,gfx942:sramecc+:xnack-,80
    T,N,0,1,256,96,375,1,375,96000,1,375,36000,256,24576,256,24576,f32_r,f32_r,f32_r,f32_r,f32_r,0,0,0,0,0,none,0,f32_r,512,1856.78,67.9817,9.92684,226,gfx942:sramecc+:xnack-,80
    N,T,0,24,1,256,256,1,1,256,0,256,65536,1,256,1,256,f32_r,f32_r,f32_r,f32_r,f32_r,0,0,0,0,0,none,0,f32_r,512,246.82,463.33,12.745,381,gfx942:sramecc+:xnack-,80
    N,N,0,1,256,24,256,1,256,65536,0,256,6144,256,6144,256,6144,f32_r,f32_r,f32_r,f32_r,f32_r,0,0,0,0,0,none,0,f32_r,512,423.257,39.0083,7.43219,1077,gfx942:sramecc+:xnack-,80
    N,T,0,1,256,256,24,1,256,6144,0,256,6144,256,65536,256,65536,f32_r,f32_r,f32_r,f32_r,f32_r,0,0,0,0,0,none,0,f32_r,512,568.938,52.4346,5.52912,375,gfx942:sramecc+:xnack-,80
    N,N,0,1,22,24,256,1,22,5632,0,256,6144,22,528,22,528,f32_r,f32_r,f32_r,f32_r,f32_r,0,0,0,0,0,none,0,f32_r,512,37.6123,6.37723,7.18744,1048,gfx942:sramecc+:xnack-,80
    N,T,0,1,22,256,24,1,22,528,0,256,6144,22,5632,22,5632,f32_r,f32_r,f32_r,f32_r,f32_r,0,0,0,0,0,none,0,f32_r,512,46.6226,7.90495,5.79839,381,gfx942:sramecc+:xnack-,80
    N,T,0,24,375,256,256,1,375,96000,0,256,65536,375,96000,375,96000,f32_r,f32_r,f32_r,f32_r,f32_r,0,0,0,0,0,none,0,f32_r,512,19318.4,377.076,61.0634,369,gfx942:sramecc+:xnack-,80
    N,T,0,24,375,2048,256,1,375,96000,0,2048,524288,375,768000,375,768000,f16_r,f16_r,f16_r,f16_r,f32_r,0,0,0,0,0,none,0,f32_r,512,84751.6,557.348,111.351,73,gfx942:sramecc+:xnack-,80
    T,N,0,1,2048,256,375,1,375,768000,1,375,96000,2048,524288,2048,524288,f16_r,f16_r,f16_r,f16_r,f32_r,0,0,0,0,0,none,0,f32_r,512,27979,322.97,14.054,107658,gfx942:sramecc+:xnack-,80
    N,T,0,24,375,512,2048,1,375,768000,0,512,1048576,375,192000,375,192000,f16_r,f16_r,f16_r,f16_r,f32_r,0,0,0,0,0,none,0,f32_r,512,138478,658.775,136.299,73,gfx942:sramecc+:xnack-,80
    T,N,0,1,512,2048,375,1,375,192000,1,375,768000,512,1048576,512,1048576,f16_r,f16_r,f16_r,f16_r,f32_r,0,0,0,0,0,none,0,f32_r,512,41692.5,405.431,18.8627,106522,gfx942:sramecc+:xnack-,80
    N,T,0,24,375,2048,512,1,375,192000,0,2048,1048576,375,768000,375,768000,f16_r,f16_r,f16_r,f16_r,f32_r,0,0,0,0,0,none,0,f32_r,512,112559,535.473,167.684,73,gfx942:sramecc+:xnack-,80
    T,N,0,1,2048,512,375,1,375,768000,1,375,192000,2048,1048576,2048,1048576,f16_r,f16_r,f16_r,f16_r,f32_r,0,0,0,0,0,none,0,f32_r,512,42807.6,416.275,18.3713,106543,gfx942:sramecc+:xnack-,80
    N,T,0,1,9000,1024,2048,1,9000,18432000,0,1024,2097152,9000,9216000,9000,9216000,f16_r,f16_r,f16_r,f16_r,f32_r,0,0,0,0,0,none,0,f32_r,512,149923,220.045,251.788,73,gfx942:sramecc+:xnack-,80
    T,N,0,1,1024,2048,375,1,375,384000,1,375,768000,1024,2097152,1024,2097152,f16_r,f16_r,f16_r,f16_r,f32_r,0,0,0,0,0,none,0,f32_r,512,70027.8,617.282,22.4606,53,gfx942:sramecc+:xnack-,80
    T,N,0,1,4608,512,375,1,375,1728000,1,375,192000,4608,2359296,4608,2359296,f16_r,f16_r,f16_r,f16_r,f32_r,0,0,0,0,0,none,0,f32_r,512,78434.5,742.906,22.5599,53,gfx942:sramecc+:xnack-,80
    N,T,0,24,1500,1024,512,1,1500,768000,0,1024,524288,1500,1536000,1500,1536000,f16_r,f16_r,f16_r,f16_r,f32_r,0,0,0,0,0,none,0,f32_r,512,126970,425.27,297.303,73,gfx942:sramecc+:xnack-,80
    T,N,0,1,1024,512,1500,1,1500,1536000,1,1500,768000,1024,524288,1024,524288,f16_r,f16_r,f16_r,f16_r,f32_r,0,0,0,0,0,none,0,f32_r,512,64034.1,293.989,24.5629,108236,gfx942:sramecc+:xnack-,80
    N,T,0,24,1500,256,1024,1,1500,1536000,0,256,262144,1500,384000,1500,384000,f16_r,f16_r,f16_r,f16_r,f32_r,0,0,0,0,0,none,0,f32_r,512,127066,656.721,148.54,73,gfx942:sramecc+:xnack-,80
    T,N,0,1,256,1024,1500,1,1500,384000,1,1500,1536000,256,262144,256,262144,f16_r,f16_r,f16_r,f16_r,f32_r,0,0,0,0,0,none,0,f32_r,512,43013.4,275.721,18.2834,105652,gfx942:sramecc+:xnack-,80
    N,T,0,24,1500,1024,256,1,1500,384000,0,1024,262144,1500,1536000,1500,1536000,f16_r,f16_r,f16_r,f16_r,f32_r,0,0,0,0,0,none,0,f32_r,512,97279.4,502.774,194.022,73,gfx942:sramecc+:xnack-,80
    T,N,0,1,1024,256,1500,1,1500,1536000,1,1500,384000,1024,262144,1024,262144,f16_r,f16_r,f16_r,f16_r,f32_r,0,0,0,0,0,none,0,f32_r,512,43810.3,280.829,17.9508,105652,gfx942:sramecc+:xnack-,80
    N,T,0,1,36000,512,1024,1,36000,36864000,0,512,524288,36000,18432000,36000,18432000,f16_r,f16_r,f16_r,f16_r,f32_r,0,0,0,0,0,none,0,f32_r,512,148439,408.854,254.304,73,gfx942:sramecc+:xnack-,80
    T,N,0,1,512,1024,1500,1,1500,768000,1,1500,1536000,512,524288,512,524288,f16_r,f16_r,f16_r,f16_r,f32_r,0,0,0,0,0,none,0,f32_r,512,63287.1,290.559,24.8528,105673,gfx942:sramecc+:xnack-,80
    T,N,0,1,2304,256,1500,1,1500,3456000,1,1500,384000,2304,589824,2304,589824,f16_r,f16_r,f16_r,f16_r,f32_r,0,0,0,0,0,none,0,f32_r,512,70649,417.171,25.046,107142,gfx942:sramecc+:xnack-,80
    N,T,0,24,6000,512,256,1,6000,1536000,0,512,131072,6000,3072000,6000,3072000,f16_r,f16_r,f16_r,f16_r,f32_r,0,0,0,0,0,none,0,f32_r,512,122280,686.26,308.707,73,gfx942:sramecc+:xnack-,80
    T,N,0,1,512,256,6000,1,6000,3072000,1,6000,1536000,512,131072,512,131072,f16_r,f16_r,f16_r,f16_r,f32_r,0,0,0,0,0,none,0,f32_r,512,59615.1,353.078,26.3837,106619,gfx942:sramecc+:xnack-,80
    N,T,0,24,6000,128,512,1,6000,3072000,0,128,65536,6000,768000,6000,768000,f16_r,f16_r,f16_r,f16_r,f32_r,0,0,0,0,0,none,0,f32_r,512,119054,1101.26,158.537,45816,gfx942:sramecc+:xnack-,80
    T,N,0,1,128,512,6000,1,6000,768000,1,6000,3072000,128,65536,128,65536,f16_r,f16_r,f16_r,f16_r,f32_r,0,0,0,0,0,none,0,f32_r,512,38149.5,364.732,20.6145,106612,gfx942:sramecc+:xnack-,80
    T,N,0,1,1152,128,6000,1,6000,6912000,1,6000,768000,1152,147456,1152,147456,f16_r,f16_r,f16_r,f16_r,f32_r,0,0,0,0,0,none,0,f32_r,512,65491.4,559.955,27.0184,106619,gfx942:sramecc+:xnack-,80
    N,T,0,24,6000,512,128,1,6000,768000,0,512,65536,6000,3072000,6000,3072000,f16_r,f16_r,f16_r,f16_r,f32_r,0,0,0,0,0,none,0,f32_r,512,87904.1,813.127,214.715,73,gfx942:sramecc+:xnack-,80
    T,N,0,1,512,128,6000,1,6000,3072000,1,6000,768000,512,65536,512,65536,f16_r,f16_r,f16_r,f16_r,f32_r,0,0,0,0,0,none,0,f32_r,512,36138.6,345.507,21.7616,106125,gfx942:sramecc+:xnack-,80
    T,N,0,1,256,512,6000,1,6000,1536000,1,6000,3072000,256,131072,256,131072,f16_r,f16_r,f16_r,f16_r,f32_r,0,0,0,0,0,none,0,f32_r,512,61273.9,362.902,25.6694,106479,gfx942:sramecc+:xnack-,80
